1.日盛华 CTS客户
2.不需要连接服务器
3.局域网通讯

RT400测试指令

【2018-11-26 13:40:53:796】45 34 26 59 81 45 76 65 59 A2 02 3A D2 20 A0 FA 2C 
8C 45 18 66 8C 59 30 78 CA 4D 94 0D D1 59 D0 87 21 10 45 01 11 00 5A 75 10 00 
00 76 86 00 00 45 59 00 76 56 65 00 65 76 45 59 76 69 00 00 00 00 00 00 00 00 
00 00 00 10 00 00 00 00 00 01 00 00 00 00 11 11 13 00 00 00 6D

【2018-11-26 13:40:57:486】45 34 26 59 81 45 76 65 59 A2 02 3A D2 20 A0 FA 2C 8C 45 18 66 8C 
59 30 78 CA 4D 94 0D D1 59 D0 87 21 10 45 01 11 00 6A 75 10 00 00 76 86 00 00 
45 59 00 76 56 65 00 65 76 45 59 76 69 00 00 00 00 00 00 00 00 00 00 00 10 00 
00 00 00 00 01 00 00 00 00 00 00 03 00 00 00 4B

【2018-11-26 13:40:59:936】45 34 26 59 81 45 76 65 59 A2 02 3A D2 20 A0 FA 2C 8C 45 18 66 8C 59 30 78 CA 4D 
94 0D D1 59 D0 87 21 10 45 01 11 00 5A 75 10 00 00 76 86 00 00 45 59 00 76 56 
65 00 65 76 45 59 76 69 00 00 00 00 00 00 00 00 00 00 00 10 00 00 00 00 00 01 
00 00 00 00 11 11 13 00 00 00 6D 